,Navn,Long,Lat
2064,"20/4/19, Mo",66.30146,14.128159
2350,"20/268/1545, Mo",66.316478,14.124229
2406,"20/897, Mo",66.302983,14.132058
2407,"20/808, Mo",66.313783,14.128562
317125,"Fiolveien 4, Mo",66.300999,14.117566
317147,"Kaigata 12, Mo",66.312071,14.130339
317191,"Kaigata 10, Mo",66.312007,14.130096
317572,"Kaigata 8, Mo",66.311881,14.1301
317594,"Kaigata 6, Mo",66.311861,14.129766
317616,"Kaigata 5, Mo",66.31204,14.129648
317638,"Kaigata 4, Mo",66.311752,14.129525
317645,"Granveien 12, Mo",66.307242,14.143355
317646,"Granveien 10, Mo",66.307419,14.14406
317647,"Granveien 6, Mo",66.307763,14.144606
317648,"Granveien 5, Mo",66.30754,14.143342
317649,"Granveien 4, Mo",66.307988,14.144732
317650,"Granveien 3, Mo",66.307731,14.143693
317651,"Granveien 1, Mo",66.30793,14.144087
317656,"Granveien 14, Mo",66.307178,14.142708
317703,"Gruvegata 4B, Mo",66.304817,14.138009
317704,"Gruvegata 4A, Mo",66.304891,14.138036
317705,"Gruvegata 3, Mo",66.305204,14.137869
317706,"Gruvegata 2, Mo",66.304861,14.137412
317707,"Gruvegata 1, Mo",66.305156,14.137291
317711,"Gruvegata 13, Mo",66.30581,14.140257
317712,"Gruvegata 11, Mo",66.305655,14.139883
317713,"Gruvegata 9, Mo",66.3055,14.139397
317714,"Gruvegata 8, Mo",66.305041,14.13919
317715,"Gruvegata 7, Mo",66.305363,14.138934
317716,"Gruvegata 6B, Mo",66.304907,14.138555
317717,"Gruvegata 6A, Mo",66.304948,14.138547
317718,"Gruvegata 5, Mo",66.30527,14.138357
317724,"Kaigata 3, Mo",66.311885,14.12923
317837,"Fiolveien 2, Mo",66.30115,14.117181
317838,"Fiolveien 1, Mo",66.301544,14.117145
317847,"Fiolveien 8, Mo",66.300655,14.118581
317848,"Fiolveien 7, Mo",66.301067,14.118522
317849,"Fiolveien 6, Mo",66.300814,14.118107
317850,"Fiolveien 5, Mo",66.301218,14.118115
317851,"Fiolveien 3, Mo",66.301394,14.117596
318016,"Hans Wølners gate 8, Mo",66.308528,14.141904
318017,"Hans Wølners gate 7, Mo",66.308851,14.14187
318018,"Hans Wølners gate 6A, Mo",66.308454,14.141371
318019,"Hans Wølners gate 5, Mo",66.308758,14.141316
318020,"Hans Wølners gate 4, Mo",66.308406,14.140949
318021,"Hans Wølners gate 2, Mo",66.308331,14.140394
318064,"Kaigata 2, Mo",66.311724,14.12928
318477,"Langneshøgda 17, Mo",66.303425,14.116633
318557,"Kaigata 14, Mo",66.312073,14.130696
318566,"Kaigata 1, Mo",66.311821,14.128964
318584,"Langneshøgda 13, Mo",66.302954,14.11578
318585,"Langneshøgda 12, Mo",66.30304,14.116803
318586,"Langneshøgda 11, Mo",66.302718,14.115387
318587,"Langneshøgda 9, Mo",66.302474,14.114972
318588,"Langneshøgda 7B, Mo",66.302302,14.114666
318589,"Langneshøgda 7A, Mo",66.302211,14.114446
318592,"Langneshøgda 15, Mo",66.303163,14.116263
318593,"Langneshøgda 14, Mo",66.303294,14.117285
318828,"Kongsveien 54, Mo",66.309882,14.151516
318829,"Kongsveien 50, Mo",66.309171,14.147926
318830,"Kongsveien 12, Mo",66.305133,14.136377
318831,"Kongsveien 11, Mo",66.305417,14.13581
318832,"Kongsveien 10, Mo",66.305112,14.135709
318833,"Kongsveien 9, Mo",66.305397,14.135364
318837,"Kongsveien 42, Mo",66.308357,14.144943
318838,"Kongsveien 40, Mo",66.308148,14.144548
318839,"Kongsveien 34, Mo",66.306979,14.142402
318840,"Kongsveien 31, Mo",66.306773,14.14096
318841,"Kongsveien 29B, Mo",66.306676,14.14059
318842,"Kongsveien 29A, Mo",66.306582,14.14083
318843,"Kongsveien 21, Mo",66.305693,14.138699
318844,"Kongsveien 19, Mo",66.305584,14.138324
318849,"Øvre Idrettsvei 52, Mo",66.308817,14.149138
318850,"Kongsveien 48, Mo",66.308711,14.145823
318885,"Nedre Fageråsen 34, Mo",66.303356,14.131465
318886,"Nedre Fageråsen 32, Mo",66.303327,14.131087
318887,"Nedre Fageråsen 30, Mo",66.30328,14.130643
318888,"Nedre Fageråsen 28, Mo",66.303232,14.130176
318889,"Nedre Fageråsen 26, Mo",66.303194,14.129776
318890,"Nedre Fageråsen 24, Mo",66.303156,14.129287
318891,"Nedre Fageråsen 23, Mo",66.303456,14.130034
318892,"Nedre Fageråsen 22, Mo",66.303117,14.128753
318893,"Nedre Idrettsvei 18, Mo",66.312211,14.149206
318894,"Nedre Idrettsvei 15, Mo",66.311913,14.14886
318895,"Nedre Idrettsvei 13, Mo",66.311753,14.1492
318896,"Nedre Idrettsvei 9, Mo",66.311335,14.149727
318897,"Nedre Idrettsvei 7, Mo",66.311174,14.149911
318898,"Nedre Idrettsvei 5, Mo",66.311014,14.150117
318899,"Nedre Idrettsvei 3, Mo",66.310773,14.150437
318900,"Nedre Idrettsvei 1, Mo",66.310476,14.150869
318901,"Nedre Fageråsen 16, Mo",66.302965,14.127242
318902,"Nedre Fageråsen 15, Mo",66.303281,14.127588
318903,"Nedre Fageråsen 14, Mo",66.302898,14.126553
318904,"Nedre Fageråsen 13, Mo",66.303242,14.127031
318905,"Nedre Fageråsen 12, Mo",66.302851,14.126064
318906,"Nedre Fageråsen 10, Mo",66.302803,14.125619
318907,"Nedre Fageråsen 9B, Mo",66.303146,14.126009
318908,"Nedre Fageråsen 9A, Mo",66.303083,14.125855
318909,"Nedre Fageråsen 21B, Mo",66.303471,14.129432
318910,"Nedre Fageråsen 21A, Mo",66.303469,14.129209
318911,"Nedre Fageråsen 20, Mo",66.303051,14.128175
318912,"Nedre Fageråsen 19B, Mo",66.303432,14.128969
318913,"Nedre Fageråsen 19A, Mo",66.303415,14.128821
318914,"Nedre Fageråsen 18, Mo",66.303003,14.127709
318915,"Nedre Fageråsen 17B, Mo",66.303374,14.128276
318916,"Nedre Fageråsen 17A, Mo",66.303311,14.128182
318917,"Nedre Fageråsen 1B, Mo",66.302683,14.123349
318924,"Nedre Fageråsen 8, Mo",66.302773,14.125108
318925,"Nedre Fageråsen 7, Mo",66.303098,14.125319
318926,"Nedre Fageråsen 6, Mo",66.302699,14.124575
318927,"Nedre Fageråsen 5, Mo",66.303031,14.124653
318928,"Nedre Fageråsen 4, Mo",66.30257,14.124067
318929,"Nedre Fageråsen 3, Mo",66.302892,14.123922
318930,"Nedre Fageråsen 2, Mo",66.302479,14.123758
318931,"Nedre Fageråsen 1A, Mo",66.302564,14.122907
319073,"Lyngveien 13, Mo",66.303285,14.118824
319074,"Lyngveien 11, Mo",66.303347,14.118732
319075,"Lyngveien 9, Mo",66.303389,14.118708
319076,"Lyngveien 7, Mo",66.303401,14.118641
319077,"Lyngveien 5, Mo",66.303437,14.118618
319078,"Lyngveien 3, Mo",66.303481,14.118549
319079,"Lyngveien 1, Mo",66.303623,14.118276
319086,"Lyngveien 19, Mo",66.303209,14.118998
319087,"Lyngveien 17, Mo",66.303223,14.118937
319088,"Lyngveien 15, Mo",66.30325,14.118892
319104,"Mofjellveien 7, Mo",66.306219,14.142941
319105,"Mofjellveien 5, Mo",66.306352,14.142624
319110,"Moholmen 6, Mo",66.312018,14.129002
319111,"Moholmen 5, Mo",66.312226,14.129307
319112,"Moholmen 4, Mo",66.311955,14.128938
319113,"Moholmen 3, Mo",66.312144,14.128953
319114,"Moholmen 2, Mo",66.311918,14.128693
319115,"Moholmen 1, Mo",66.31209,14.12873
319116,"Mobekkgata 32, Mo",66.308832,14.145016
319117,"Mobekkgata 31, Mo",66.308799,14.143768
319118,"Mofjellveien 3, Mo",66.306484,14.142174
319119,"Mofjellveien 2, Mo",66.306363,14.141397
319120,"Mofjellveien 1, Mo",66.306708,14.142032
319121,"Moholmen 15, Mo",66.312577,14.131013
319122,"Moholmen 11, Mo",66.312426,14.12968
319123,"Moholmen 10, Mo",66.31214,14.129913
319124,"Moholmen 8, Mo",66.312047,14.129358
319125,"Moholmen 7, Mo",66.312301,14.129796
319126,"Mobekkgata 21A, Mo",66.308194,14.141536
319127,"Mobekkgata 20, Mo",66.307843,14.142841
319128,"Mobekkgata 19, Mo",66.308183,14.141112
319129,"Mobekkgata 17, Mo",66.30795,14.141143
319130,"Mobekkgata 16, Mo",66.307535,14.142317
319131,"Mobekkgata 15, Mo",66.307701,14.141642
319132,"Mobekkgata 14, Mo",66.307253,14.141702
319133,"Mobekkgata 28, Mo",66.308586,14.144199
319135,"Mobekkgata 18, Mo",66.307716,14.142484
319136,"Mobekkgata 26, Mo",66.30836,14.143917
319137,"Mobekkgata 25, Mo",66.308036,14.142121
319138,"Mobekkgata 24B, Mo",66.308302,14.143399
319139,"Mobekkgata 24A, Mo",66.308196,14.143539
319140,"Mobekkgata 23, Mo",66.307865,14.141948
319141,"Mobekkgata 22, Mo",66.308033,14.143147
319142,"Mobekkgata 21B, Mo",66.308176,14.141842
319143,"Mobekkgata 1, Mo",66.306414,14.139299
319144,"Moseveien 8, Mo",66.302176,14.117814
319145,"Moseveien 6, Mo",66.302371,14.117473
319146,"Moseveien 5, Mo",66.302519,14.118181
319147,"Moseveien 4B, Mo",66.302592,14.117349
319148,"Moseveien 4A, Mo",66.302613,14.117308
319149,"Moseveien 3, Mo",66.302787,14.117927
319150,"Moseveien 2, Mo",66.302853,14.11701
319151,"Mobekkgata 12, Mo",66.3071,14.141595
319152,"Mobekkgata 10, Mo",66.306955,14.141266
319153,"Mobekkgata 9, Mo",66.307166,14.140612
319154,"Mobekkgata 7, Mo",66.306995,14.140417
319155,"Mobekkgata 5, Mo",66.306787,14.140067
319156,"Mobekkgata 4, Mo",66.306447,14.140369
319157,"Mobekkgata 3, Mo",66.306597,14.139806
319158,"Mobekkgata 2, Mo",66.306275,14.140107
319167,"Moseveien 1, Mo",66.303036,14.117583
319436,"Redvald Knudtsons vei 4I, Mo",66.303703,14.129535
319437,"Redvald Knudtsons vei 4H, Mo",66.303707,14.129444
319438,"Redvald Knudtsons vei 4G, Mo",66.303711,14.129352
319439,"Redvald Knudtsons vei 4F, Mo",66.303716,14.129265
319440,"Redvald Knudtsons vei 4E, Mo",66.303719,14.129196
319441,"Redvald Knudtsons vei 4D, Mo",66.303718,14.129147
319442,"Redvald Knudtsons vei 4C, Mo",66.303726,14.129062
319443,"Redvald Knudtsons vei 4B, Mo",66.303729,14.12899
319448,"Redvald Knudtsons vei 6, Mo",66.303612,14.130653
319449,"Redvald Knudtsons vei 5, Mo",66.304204,14.130633
319450,"Redvald Knudtsons vei 4K, Mo",66.303695,14.129714
319451,"Redvald Knudtsons vei 4J, Mo",66.303697,14.129625
319452,"Redvald Knudtsons vei 4A, Mo",66.303732,14.128925
319461,"Redvald Knudtsons vei 3, Mo",66.303966,14.129861
319462,"Redvald Knudtsons vei 2, Mo",66.303953,14.128256
319463,"Redvald Knudtsons vei 1, Mo",66.30426,14.129449
319747,"Per Hellerviks gate 10A, Mo",66.310377,14.143647
319748,"Per Hellerviks gate 8, Mo",66.30993,14.143904
319749,"Per Hellerviks gate 7, Mo",66.309202,14.143897
319750,"Per Hellerviks gate 3, Mo",66.309173,14.144982
319751,"Per Hellerviks gate 1, Mo",66.309216,14.145898
319752,"Petter Dass gate 14, Mo",66.30733,14.141052
319753,"Petter Dass gate 13, Mo",66.307593,14.141467
319754,"Petter Dass gate 12, Mo",66.307427,14.14067
319757,"Per Hellerviks gate 14B, Mo",66.310876,14.143095
319758,"Per Hellerviks gate 14A, Mo",66.310753,14.143411
319759,"Per Hellerviks gate 12B, Mo",66.310578,14.144376
319760,"Per Hellerviks gate 12A, Mo",66.310426,14.144449
319761,"Per Hellerviks gate 11, Mo",66.310501,14.142785
319762,"Per Hellerviks gate 10B, Mo",66.31052,14.143598
319763,"Petter Grubens gate 14B, Mo",66.311159,14.148885
319764,"Petter Grubens gate 14A, Mo",66.311311,14.148679
319765,"Petter Grubens gate 13, Mo",66.311652,14.148801
319766,"Petter Grubens gate 12, Mo",66.311058,14.148442
319767,"Petter Grubens gate 11, Mo",66.311588,14.148491
319768,"Petter Grubens gate 10B, Mo",66.310795,14.14941
319769,"Skolegata 14A, Mo",66.310992,14.146627
319770,"Petter Grubens gate 10A, Mo",66.310973,14.149204
319771,"Petter Grubens gate 9, Mo",66.311576,14.148001
319772,"Petter Dass gate 11, Mo",66.307662,14.140952
319773,"Petter Dass gate 10, Mo",66.307244,14.140096
319774,"Petter Dass gate 8, Mo",66.307514,14.140221
319775,"Petter Dass gate 6, Mo",66.307611,14.139838
319776,"Petter Dass gate 4, Mo",66.307716,14.139411
319777,"Petter Dass gate 2, Mo",66.307856,14.138848
319778,"Petter Dass gate 5, Mo",66.308162,14.138972
319779,"Petter Grubens gate 16, Mo",66.311522,14.149475
319780,"Petter Grubens gate 4D, Mo",66.310311,14.147711
319781,"Petter Grubens gate 4C, Mo",66.31037,14.147611
319782,"Petter Grubens gate 4B, Mo",66.310452,14.147479
319783,"Petter Grubens gate 4A, Mo",66.310518,14.147365
319784,"Petter Grubens gate 3, Mo",66.311125,14.147503
319785,"Petter Grubens gate 2B, Mo",66.310199,14.147133
319786,"Petter Grubens gate 2A, Mo",66.310359,14.146905
319787,"Petter Grubens gate 1, Mo",66.310946,14.147509
319788,"Petter Grubens gate 8C, Mo",66.31063,14.148858
319789,"Petter Grubens gate 8B, Mo",66.310781,14.148786
319790,"Petter Grubens gate 8A, Mo",66.310857,14.148639
319791,"Petter Grubens gate 7, Mo",66.311378,14.147874
319792,"Petter Grubens gate 6B, Mo",66.310468,14.148331
319793,"Petter Grubens gate 6A, Mo",66.31052,14.148295
319794,"Petter Grubens gate 6, Mo",66.310671,14.148076
319795,"Petter Grubens gate 5, Mo",66.311245,14.147588
319855,"Skytterveien 11, Mo",66.31049,14.149577
319856,"Skytterveien 10, Mo",66.310231,14.149653
319857,"Skytterveien 9, Mo",66.310425,14.149088
319858,"Skytterveien 8, Mo",66.310058,14.149301
319859,"Skytterveien 7, Mo",66.31028,14.148759
319860,"Skytterveien 5, Mo",66.310241,14.148202
319861,"Skytterveien 3, Mo",66.310077,14.147851
319862,"Snarveien 4, Mo",66.303391,14.126402
319863,"Snarveien 3B, Mo",66.303575,14.127198
319864,"Snarveien 3A, Mo",66.303484,14.126978
319865,"Snarveien 2, Mo",66.303615,14.126483
319866,"Snarveien 1B, Mo",66.303718,14.127082
319867,"Snarveien 1A, Mo",66.3037,14.126911
319868,"Skytterveien 13, Mo",66.310663,14.149883
319869,"Skytterveien 12, Mo",66.310269,14.150164
319878,"Skytterveien 2, Mo",66.309709,14.147752
319879,"Skytterveien 1, Mo",66.310038,14.147317
319886,"Skolegata 13C, Mo",66.311159,14.145584
319887,"Skolegata 13B, Mo",66.311025,14.145655
319888,"Skolegata 12, Mo",66.310814,14.146488
319889,"Skolegata 11B, Mo",66.310668,14.145913
319890,"Skolegata 10B, Mo",66.310652,14.146564
319891,"Skolegata 10A, Mo",66.310598,14.146602
319896,"Skolegata 18, Mo",66.311279,14.146226
319897,"Skolegata 16, Mo",66.311127,14.146321
319898,"Skolegata 13D, Mo",66.311266,14.145468
319905,"Skolegata 9B, Mo",66.310628,14.145178
319906,"Skolegata 9A, Mo",66.310485,14.14525
320001,"Roald Amundsens gate 21, Mo",66.305561,14.137567
320002,"Roald Amundsens gate 20, Mo",66.305952,14.136884
320003,"Roald Amundsens gate 19, Mo",66.305671,14.137987
320004,"Roald Amundsens gate 17, Mo",66.305844,14.138293
320005,"Roald Amundsens gate 15, Mo",66.306034,14.138599
320006,"Roald Amundsens gate 14, Mo",66.306066,14.137928
320007,"Roald Amundsens gate 12, Mo",66.306283,14.138278
320008,"Roald Amundsens gate 11, Mo",66.306484,14.138962
320011,"Roald Amundsens gate 33, Mo",66.306479,14.136331
320012,"Roald Amundsens gate 31, Mo",66.306272,14.136316
320013,"Roald Amundsens gate 29, Mo",66.30603,14.136324
320014,"Roald Amundsens gate 25, Mo",66.305492,14.136298
320015,"Roald Amundsens gate 24, Mo",66.306321,14.136961
320016,"Roald Amundsens gate 23, Mo",66.305469,14.137012
320025,"Roald Amundsens gate 9, Mo",66.306709,14.139088
320026,"Roald Amundsens gate 8, Mo",66.307047,14.138475
320027,"Roald Amundsens gate 6A, Mo",66.307313,14.13793
320028,"Roald Amundsens gate 5, Mo",66.307176,14.139095
320029,"Roald Amundsens gate 4, Mo",66.30754,14.138391
320030,"Roald Amundsens gate 3, Mo",66.3074,14.138998
320031,"Roald Amundsens gate 1, Mo",66.307624,14.138946
320697,"Stigerveien 2, Mo",66.304901,14.136586
320831,"Symrebakken 6, Mo",66.301016,14.115759
320832,"Symrebakken 7, Mo",66.300445,14.117986
320833,"Symrebakken 8, Mo",66.300821,14.116189
320834,"Symrebakken 9, Mo",66.300278,14.118505
320835,"Symrebakken 10, Mo",66.300635,14.11662
320836,"Symrebakken 12, Mo",66.300458,14.117027
320837,"Symrebakken 14, Mo",66.300263,14.117502
320838,"Sørlandsveien 48A, Mo",66.309406,14.138416
320842,"Symrebakken 1, Mo",66.300985,14.11663
320843,"Symrebakken 2, Mo",66.301388,14.116482
320844,"Symrebakken 3A, Mo",66.300773,14.116939
320845,"Symrebakken 4, Mo",66.301251,14.116018
320846,"Symrebakken 5, Mo",66.300631,14.117534
320904,"Verkstedveien 8, Mo",66.303684,14.133521
320905,"Verkstedveien 14, Mo",66.303296,14.140008
320913,"Verkstedveien 1, Mo",66.304948,14.133819
320914,"Verkstedveien 2, Mo",66.304794,14.131928
320916,"Verkstedveien 3, Mo",66.304569,14.133386
320917,"Verkstedveien 4, Mo",66.304429,14.132298
320918,"Verkstedveien 5, Mo",66.304435,14.135063
320919,"Verkstedveien 6, Mo",66.303972,14.13321
320988,"Sørlandsveien 137D, Mo",66.301189,14.113548
320989,"Sørlandsveien 137E, Mo",66.301156,14.113524
320990,"Sørlandsveien 137F, Mo",66.301092,14.113437
320991,"Sørlandsveien 141, Mo",66.300228,14.114404
320992,"Sørlandsveien 159, Mo",66.29823,14.098544
320994,"Sørlandsveien 99, Mo",66.304366,14.126649
320995,"Sørlandsveien 131, Mo",66.302048,14.114273
320996,"Sørlandsveien 133, Mo",66.301822,14.113924
320997,"Sørlandsveien 155, Mo",66.299161,14.103673
320998,"Sørlandsveien 135A, Mo",66.301588,14.113821
320999,"Sørlandsveien 135B, Mo",66.30155,14.113716
321000,"Sørlandsveien 137A, Mo",66.301345,14.113651
321001,"Sørlandsveien 137B, Mo",66.301304,14.113644
321002,"Sørlandsveien 137C, Mo",66.301218,14.113522
321003,"Sørlandsveien 62, Mo",66.308069,14.136812
321004,"Sørlandsveien 64, Mo",66.307763,14.136532
321005,"Sørlandsveien 65, Mo",66.307388,14.136835
321006,"Sørlandsveien 66, Mo",66.307545,14.13616
321007,"Sørlandsveien 67, Mo",66.307292,14.137463
321008,"Sørlandsveien 69, Mo",66.307162,14.136642
321009,"Sørlandsveien 71, Mo",66.307188,14.136418
321010,"Sørlandsveien 73, Mo",66.307035,14.136267
321011,"Sørlandsveien 48B, Mo",66.309353,14.138485
321012,"Sørlandsveien 49, Mo",66.30915,14.139228
321013,"Sørlandsveien 50, Mo",66.309227,14.138512
321014,"Sørlandsveien 54, Mo",66.308875,14.138122
321015,"Sørlandsveien 55, Mo",66.308678,14.138617
321016,"Sørlandsveien 56, Mo",66.30855,14.137665
321017,"Sørlandsveien 59, Mo",66.308089,14.137614
321018,"Sørlandsveien 61, Mo",66.307848,14.137421
321433,"Øvre Fageråsen 33, Mo",66.303151,14.131673
321434,"Øvre Fageråsen 34, Mo",66.3029,14.131771
321441,"Øvre Fageråsen 25, Mo",66.302979,14.129806
321442,"Øvre Fageråsen 26, Mo",66.302738,14.130015
321443,"Øvre Fageråsen 27, Mo",66.303018,14.130295
321444,"Øvre Fageråsen 28, Mo",66.302776,14.130459
321445,"Øvre Fageråsen 29, Mo",66.303056,14.13074
321446,"Øvre Fageråsen 30, Mo",66.302824,14.130926
321447,"Øvre Fageråsen 31, Mo",66.303104,14.131206
321448,"Øvre Fageråsen 32, Mo",66.302853,14.131371
321449,"Øvre Fageråsen 17, Mo",66.302807,14.127827
321450,"Øvre Fageråsen 18, Mo",66.302538,14.127925
321451,"Øvre Fageråsen 19, Mo",66.302845,14.128249
321452,"Øvre Fageråsen 20, Mo",66.302604,14.128481
321453,"Øvre Fageråsen 21, Mo",66.302893,14.128872
321454,"Øvre Fageråsen 22, Mo",66.302625,14.128971
321455,"Øvre Fageråsen 23, Mo",66.302941,14.129361
321456,"Øvre Fageråsen 24, Mo",66.302681,14.129504
321457,"Øvre Fageråsen 9, Mo",66.302588,14.125694
321458,"Øvre Fageråsen 10, Mo",66.302347,14.125814
321459,"Øvre Fageråsen 11, Mo",66.302645,14.126138
321460,"Øvre Fageråsen 12, Mo",66.302412,14.12628
321461,"Øvre Fageråsen 13, Mo",66.302701,14.126649
321462,"Øvre Fageråsen 14, Mo",66.302451,14.126791
321463,"Øvre Fageråsen 15, Mo",66.302768,14.127382
321464,"Øvre Fageråsen 16, Mo",66.3025,14.127481
321465,"Øvre Fageråsen 2G, Mo",66.301885,14.123578
321466,"Øvre Fageråsen 2H, Mo",66.301815,14.123736
321467,"Øvre Fageråsen 3, Mo",66.302428,14.124339
321468,"Øvre Fageråsen 4, Mo",66.302132,14.124394
321469,"Øvre Fageråsen 5, Mo",66.302529,14.124804
321470,"Øvre Fageråsen 6, Mo",66.302215,14.124681
321471,"Øvre Fageråsen 7, Mo",66.302568,14.125204
321472,"Øvre Fageråsen 8, Mo",66.302317,14.125369
321474,"Øvre Fageråsen 1, Mo",66.302336,14.123963
321475,"Øvre Fageråsen 2, Mo",66.302041,14.12404
321476,"Øvre Fageråsen 2B, Mo",66.30209,14.123325
321477,"Øvre Fageråsen 2C, Mo",66.302046,14.123371
321478,"Øvre Fageråsen 2D, Mo",66.30201,14.123439
321479,"Øvre Fageråsen 2E, Mo",66.301975,14.123463
321480,"Øvre Fageråsen 2F, Mo",66.301939,14.123509
321588,"Thomas von Westens gate 8, Mo",66.308229,14.139772
321589,"Thomas von Westens gate 10, Mo",66.307988,14.139848
321590,"Thomas von Westens gate 11, Mo",66.308152,14.1404
321591,"Thomas von Westens gate 13, Mo",66.307955,14.140429
321592,"Thomas von Westens gate 15, Mo",66.307758,14.140525
321597,"Thomas von Westens gate 2, Mo",66.308799,14.139102
321598,"Thomas von Westens gate 3, Mo",66.309019,14.139768
321599,"Thomas von Westens gate 4, Mo",66.308451,14.139341
321600,"Thomas von Westens gate 5, Mo",66.308895,14.140129
321601,"Thomas von Westens gate 6, Mo",66.308471,14.139675
321602,"Thomas von Westens gate 7, Mo",66.308663,14.140248
322451,"Langneset 36C, Mo",66.301844,14.11622
322452,"Langneset 36D, Mo",66.301843,14.115998
322453,"Langneset 40, Mo",66.301579,14.115382
322454,"Langneset 42, Mo",66.301533,14.115206
322459,"Langneset 26F, Mo",66.302995,14.12151
322460,"Langneset 30, Mo",66.302287,14.118502
322461,"Langneset 31, Mo",66.301622,14.118257
322462,"Langneset 32, Mo",66.302105,14.117654
322463,"Langneset 34A, Mo",66.302006,14.117374
322464,"Langneset 34B, Mo",66.301971,14.117126
322465,"Langneset 36A, Mo",66.3019,14.116553
322466,"Langneset 36B, Mo",66.301872,14.116376
322467,"Langneset 24D, Mo",66.303592,14.123875
322468,"Langneset 24E, Mo",66.303683,14.12405
322469,"Langneset 24F, Mo",66.303738,14.124271
322470,"Langneset 26A, Mo",66.302684,14.120361
322471,"Langneset 26B, Mo",66.302739,14.120582
322472,"Langneset 26C, Mo",66.302794,14.120848
322473,"Langneset 26D, Mo",66.302849,14.121091
322474,"Langneset 26E, Mo",66.302931,14.121289
322475,"Langneset 21, Mo",66.302758,14.12241
322476,"Langneset 22A, Mo",66.30341,14.121919
322477,"Langneset 22B, Mo",66.303481,14.121783
322478,"Langneset 22C, Mo",66.303597,14.1216
322479,"Langneset 22D, Mo",66.303677,14.121464
322480,"Langneset 24A, Mo",66.303435,14.123144
322481,"Langneset 24B, Mo",66.303472,14.123322
322482,"Langneset 24C, Mo",66.303528,14.123632
322483,"Langneset 18, Mo",66.303902,14.118378
322484,"Langneset 19, Mo",66.302896,14.123029
322485,"Langneset 20A, Mo",66.303223,14.120476
322486,"Langneset 20B, Mo",66.303311,14.120294
322487,"Langneset 20C, Mo",66.303391,14.120136
322488,"Langneset 20D, Mo",66.303489,14.119954
322489,"Langneset 20E, Mo",66.303568,14.119728
322490,"Langneset 20F, Mo",66.303657,14.119591
322491,"Langneset 11, Mo",66.303464,14.124994
322492,"Langneset 12, Mo",66.304073,14.121673
322493,"Langneset 13A, Mo",66.303363,14.124641
322494,"Langneset 13B, Mo",66.303335,14.124508
322495,"Langneset 14, Mo",66.30404,14.120581
322496,"Langneset 15, Mo",66.303262,14.124265
322497,"Langneset 16, Mo",66.303997,14.119423
322498,"Langneset 17, Mo",66.303079,14.123558
322499,"Langneset 6A, Mo",66.304055,14.124795
322500,"Langneset 6B, Mo",66.30411,14.125017
322501,"Langneset 6C, Mo",66.304156,14.125216
322502,"Langneset 7A, Mo",66.303693,14.125945
322503,"Langneset 7B, Mo",66.303702,14.125796
322504,"Langneset 8, Mo",66.304139,14.123878
322505,"Langneset 9, Mo",66.303556,14.125482
322506,"Langneset 10, Mo",66.304106,14.122787
322514,"Langneset 2, Mo",66.30425,14.126432
323209,"Moholmen 9, Mo",66.312379,14.12928
323219,"Ola Grotnes' vei 21, Mo",66.310452,14.129659
323221,"Ola Grotnes' vei 23, Mo",66.310451,14.129547
323223,"Snarveien 6, Mo",66.303166,14.126387
323237,"Ola Grotnes' vei 5, Mo",66.310539,14.13086
323239,"Ola Grotnes' vei 9, Mo",66.310511,14.130527
323241,"Ola Grotnes' vei 11, Mo",66.310501,14.130415
323243,"Ola Grotnes' vei 15, Mo",66.310482,14.130148
323245,"Ola Grotnes' vei 17, Mo",66.310481,14.130015
323291,"Roald Amundsens gate 7A, Mo",66.306952,14.139102
323293,"Roald Amundsens gate 7B, Mo",66.306839,14.1393
323321,"Søndre gate 11, Mo",66.308845,14.130346
323322,"Søndre gate 13, Mo",66.308873,14.131618
323328,"Ola Grotnes' vei 1H, Mo",66.310731,14.131389
323329,"Ola Grotnes' vei 2A, Mo",66.31087,14.131159
323330,"Ola Grotnes' vei 2D, Mo",66.310801,14.131052
323331,"Ola Grotnes' vei 7, Mo",66.31052,14.13066
323361,"Ola Grotnes' vei 3, Mo",66.310611,14.131226
323365,"Roald Amundsens gate 27A, Mo",66.305659,14.135712
323386,"Søndre gate 5, Mo",66.308217,14.131163
323391,"Finsetveien 2, Mo",66.301614,14.121491
323434,"Ola Grotnes' vei 13, Mo",66.310491,14.130282
323435,"Ola Grotnes' vei 19, Mo",66.310462,14.129815
323436,"Ola Grotnes' vei 25, Mo",66.310424,14.129392
323437,"Ola Grotnes' vei 27, Mo",66.310368,14.129037
323438,"Ola Grotnes' vei 29, Mo",66.31043,14.129013
323439,"Ola Grotnes' vei 31, Mo",66.310503,14.129148
323440,"Bergithe Hansens vei 18, Mo",66.310666,14.129406
323442,"Bergithe Hansens vei 2A, Mo",66.310991,14.131313
323443,"Bergithe Hansens vei 9, Mo",66.310763,14.130719
323444,"Bergithe Hansens vei 4, Mo",66.311016,14.131
323445,"Bergithe Hansens vei 6, Mo",66.311015,14.130822
323446,"Bergithe Hansens vei 8, Mo",66.310996,14.130666
323447,"Bergithe Hansens vei 10, Mo",66.310977,14.130488
323448,"Bergithe Hansens vei 12, Mo",66.310886,14.130268
323514,"Finsetveien 10, Mo",66.3006,14.121526
323669,"Redvald Knudtsons vei 19, Mo",66.301918,14.134124
323741,"Verkstedveien 13, Mo",66.303374,14.136237
323743,"Verkstedveien 11, Mo",66.3037,14.135177
323745,"Verkstedveien 9, Mo",66.304185,14.135228
323747,"Verkstedveien 7, Mo",66.304176,14.133645
323771,"Bergithe Hansens vei 2E, Mo",66.311079,14.131109
323773,"Ola Grotnes' vei 2C, Mo",66.310826,14.131105
323792,"Ola Grotnes' vei 2B, Mo",66.310846,14.131117
323793,"Ola Grotnes' vei 1G, Mo",66.310704,14.131412
323794,"Ola Grotnes' vei 1F, Mo",66.310695,14.131479
323795,"Ola Grotnes' vei 1E, Mo",66.310678,14.131525
323796,"Ola Grotnes' vei 1A, Mo",66.310839,14.131497
323797,"Ola Grotnes' vei 1B, Mo",66.31083,14.131564
323798,"Ola Grotnes' vei 1C, Mo",66.310822,14.131609
323799,"Ola Grotnes' vei 1D, Mo",66.310813,14.131676
323800,"Bergithe Hansens vei 2B, Mo",66.310981,14.131269
323807,"Bergithe Hansens vei 2J, Mo",66.311108,14.131376
323808,"Bergithe Hansens vei 2I, Mo",66.311098,14.131332
323809,"Bergithe Hansens vei 2H, Mo",66.311098,14.131265
323810,"Bergithe Hansens vei 2G, Mo",66.311089,14.131221
323811,"Bergithe Hansens vei 2F, Mo",66.311088,14.131154
323812,"Bergithe Hansens vei 2D, Mo",66.310972,14.131158
323813,"Bergithe Hansens vei 2C, Mo",66.310972,14.131225
323840,"Midtre gate 7B, Mo",66.313655,14.126425
323890,"Søndre gate 37B, Mo",66.310139,14.130234
323891,"Søndre gate 39A, Mo",66.31017,14.130516
323892,"Søndre gate 39B, Mo",66.31017,14.130516
323893,"Søndre gate 41A, Mo",66.310188,14.130672
323894,"Søndre gate 41B, Mo",66.310188,14.130672
323895,"Søndre gate 43A, Mo",66.310207,14.130849
323896,"Søndre gate 43B, Mo",66.310207,14.130849
323897,"Søndre gate 49, Mo",66.310033,14.131837
323898,"Søndre gate 29B, Mo",66.310101,14.12947
323899,"Søndre gate 31A, Mo",66.31012,14.129737
323900,"Søndre gate 31B, Mo",66.31012,14.129737
323901,"Søndre gate 33A, Mo",66.310148,14.129892
323902,"Søndre gate 33B, Mo",66.310148,14.129892
323903,"Søndre gate 35A, Mo",66.310159,14.130068
323904,"Søndre gate 35B, Mo",66.310164,14.130064
323905,"Søndre gate 37A, Mo",66.310153,14.130229
323911,"Søndre gate 27A, Mo",66.3101,14.129314
323912,"Søndre gate 27B, Mo",66.3101,14.129314
323913,"Søndre gate 29A, Mo",66.310101,14.12947
323914,"Bergithe Hansens vei 16B, Mo",66.310739,14.129716
323935,"Bergithe Hansens vei 14A, Mo",66.310804,14.130003
323937,"Bergithe Hansens vei 14B, Mo",66.310804,14.130003
323939,"Bergithe Hansens vei 16A, Mo",66.310739,14.129716
324058,"Marcus Thranes gate 4, Mo",66.306636,14.136432
324062,"Marcus Thranes gate 10, Mo",66.306352,14.137829
324063,"Marcus Thranes gate 9, Mo",66.306784,14.137948
324064,"Marcus Thranes gate 8, Mo",66.306421,14.137336
324065,"Marcus Thranes gate 7, Mo",66.306744,14.137236
324066,"Marcus Thranes gate 6, Mo",66.306473,14.136955
324067,"Marcus Thranes gate 5, Mo",66.307013,14.137138
324068,"Marcus Thranes gate 3, Mo",66.306831,14.136676
324069,"Marcus Thranes gate 2, Mo",66.306657,14.136124
324070,"Marcus Thranes gate 23, Mo",66.305465,14.141138
324071,"Marcus Thranes gate 22, Mo",66.305389,14.140494
324072,"Marcus Thranes gate 21, Mo",66.305778,14.141061
324073,"Marcus Thranes gate 19, Mo",66.306119,14.14096
324074,"Marcus Thranes gate 18, Mo",66.306002,14.139708
324075,"Marcus Thranes gate 16, Mo",66.305831,14.139208
324076,"Marcus Thranes gate 11, Mo",66.306586,14.137955
324082,"Marcus Thranes gate 29, Mo",66.304667,14.141388
324083,"Marcus Thranes gate 27, Mo",66.304793,14.141384
324084,"Marcus Thranes gate 25, Mo",66.305079,14.141263
324085,"Marcus Thranes gate 24, Mo",66.305049,14.140595
324147,"Midtre gate 20, Mo",66.316289,14.128988
324158,"Kongsveien 51, Mo",66.309875,14.148931
324159,"Skytterveien 6, Mo",66.310056,14.148717
324234,"Midtre gate 14, Mo",66.314764,14.129108
324235,"Midtre gate 16, Mo",66.315532,14.128457
324244,"Midtre gate 1, Mo",66.313146,14.130034
324245,"Midtre gate 2, Mo",66.314049,14.129467
324246,"Midtre gate 11, Mo",66.314738,14.126008
324251,"Roald Amundsens gate 2B, Mo",66.307728,14.138318
324253,"Midtre gate 12, Mo",66.314959,14.127722
324283,"Roald Amundsens gate 2A, Mo",66.307826,14.138292
324297,"Verkstedveien 21, Mo",66.303983,14.137754
324311,"Søndre gate 19, Mo",66.309736,14.131443
324315,"Fageråsen terrasse 34, Mo",66.302243,14.132953
324316,"Fageråsen terrasse 24, Mo",66.302434,14.133325
324317,"Fageråsen terrasse 4, Mo",66.302659,14.133496
324318,"Fageråsen terrasse 2, Mo",66.302684,14.133205
324319,"Fageråsen terrasse 36, Mo",66.302235,14.133198
324330,"Fageråsen terrasse 28, Mo",66.302485,14.132855
324331,"Fageråsen terrasse 26, Mo",66.302414,14.133081
324578,"Langneshøgda 1A, Mo",66.301209,14.114144
324579,"Langneshøgda 1B, Mo",66.301262,14.114181
324580,"Langneshøgda 3A, Mo",66.301492,14.114315
324581,"Langneshøgda 3B, Mo",66.301627,14.114377
324601,"Einerhaugen 13, Mo",66.302153,14.117012
324611,"Einerhaugen 4, Mo",66.302379,14.115577
324612,"Einerhaugen 3, Mo",66.30259,14.11644
324613,"Einerhaugen 2, Mo",66.302514,14.115796
324614,"Einerhaugen 1, Mo",66.302831,14.116253
324619,"Einerhaugen 12, Mo",66.301875,14.115305
324620,"Einerhaugen 11, Mo",66.302198,14.116922
324621,"Einerhaugen 10, Mo",66.302111,14.115787
324622,"Einerhaugen 9, Mo",66.302155,14.116807
324623,"Einerhaugen 8, Mo",66.302203,14.11623
324624,"Einerhaugen 7, Mo",66.302467,14.116912
324625,"Einerhaugen 6, Mo",66.302207,14.11536
324626,"Einerhaugen 5, Mo",66.302402,14.11658
324631,"Einerhaugen 14, Mo",66.301878,14.115639
324646,"Midtre gate 10, Mo",66.314867,14.126891
324668,"Sørlandsveien 63A, Mo",66.307631,14.13705
324669,"Sørlandsveien 63B, Mo",66.307481,14.137434
324687,"Fageråsen terrasse 38, Mo",66.302228,14.133422
324718,"Terminalveien 2, Mo",66.307136,14.128792
324734,"Terminalveien 7, Mo",66.30464,14.118754
324741,"Fageråsen terrasse 14, Mo",66.302351,14.134666
324742,"Fageråsen terrasse 8, Mo",66.302572,14.134101
324748,"Terminalveien 9, Mo",66.304656,14.118508
324749,"Terminalveien 11, Mo",66.304443,14.117356
324750,"Fageråsen terrasse 40, Mo",66.302202,14.133668
324751,"Gruvegata 10B, Mo",66.305269,14.139912
324752,"Gruvegata 10C, Mo",66.305134,14.139794
324753,"Gruvegata 10E, Mo",66.305096,14.139781
324755,"Langneshøgda 1C, Mo",66.30133,14.114187
324763,"Gruvegata 10A, Mo",66.305277,14.139793
324776,"Hans Wølners gate 3A, Mo",66.308782,14.140735
324777,"Hans Wølners gate 3B, Mo",66.308845,14.140688
324855,"Fageråsen terrasse 16, Mo",66.302359,14.134376
324856,"Fageråsen terrasse 6, Mo",66.302571,14.133856
324857,"Elias Blix' gate 9A, Mo",66.309106,14.142332
324858,"Elias Blix' gate 8, Mo",66.309091,14.143156
324859,"Elias Blix' gate 7, Mo",66.308925,14.142336
324860,"Elias Blix' gate 6, Mo",66.308859,14.143275
324861,"Elias Blix' gate 5, Mo",66.308522,14.142461
324862,"Elias Blix' gate 3, Mo",66.308451,14.142531
324863,"Elias Blix' gate 1, Mo",66.30828,14.142492
324867,"Elias Blix' gate 15, Mo",66.309594,14.142179
324868,"Elias Blix' gate 13, Mo",66.30949,14.142138
324869,"Elias Blix' gate 11B, Mo",66.309245,14.142283
324870,"Elias Blix' gate 11A, Mo",66.309219,14.142302
324871,"Elias Blix' gate 9B, Mo",66.309149,14.142304
325032,"Skolegata 20D, Mo",66.311522,14.146352
325035,"Skolegata 20E, Mo",66.31144,14.146109
325036,"Skolegata 20F, Mo",66.311458,14.146131
325037,"Skolegata 20G, Mo",66.311486,14.146175
325038,"Søndre gate 23, Mo",66.309749,14.130203
325039,"Søndre gate 25, Mo",66.309879,14.13
325074,"Skolegata 20H, Mo",66.311534,14.14639
325169,"Langneset 3A, Mo",66.3038,14.127302
325170,"Langneset 3B, Mo",66.303854,14.127501
325171,"Langneset 3C, Mo",66.303891,14.1277
325172,"Langneset 3D, Mo",66.303937,14.127877
325173,"Per Hellerviks gate 9A, Mo",66.309298,14.143149
325174,"Per Hellerviks gate 9B, Mo",66.309371,14.143481
325175,"Per Hellerviks gate 9C, Mo",66.309361,14.143191
325176,"Per Hellerviks gate 9D, Mo",66.309369,14.143146
325181,"Roald Amundsens gate 16A, Mo",66.305876,14.137728
325182,"Roald Amundsens gate 10B, Mo",66.306571,14.138402
325183,"Roald Amundsens gate 10A, Mo",66.306786,14.138394
325184,"Roald Amundsens gate 22C, Mo",66.30617,14.137278
325185,"Roald Amundsens gate 22B, Mo",66.306186,14.136876
325186,"Roald Amundsens gate 22A, Mo",66.306114,14.136901
325187,"Marcus Thranes gate 14, Mo",66.306143,14.138952
325193,"Roald Amundsens gate 6B, Mo",66.307271,14.138422
325194,"Roald Amundsens gate 27B, Mo",66.305779,14.13631
325195,"Roald Amundsens gate 16B, Mo",66.305875,14.137534
325210,"Roald Amundsens gate 18B, Mo",66.305764,14.136868
325211,"Roald Amundsens gate 18A, Mo",66.30573,14.137137
325215,"Fageråsen terrasse 48, Mo",66.302151,14.1346
325220,"Søndre gate 2, Mo",66.307003,14.132164
325234,"Skolegata 20A, Mo",66.31144,14.146109
325235,"Skolegata 20B, Mo",66.311458,14.146131
325236,"Skolegata 20C, Mo",66.311486,14.146175
325293,"Langneshøgda 4, Mo",66.301793,14.115174
325294,"Langneshøgda 6, Mo",66.302116,14.11523
325301,"Redvald Knudtsons vei 4L, Mo",66.303691,14.129788
325312,"Langneset 3E, Mo",66.303956,14.12801
325313,"Langneset 3F, Mo",66.303993,14.128143
325314,"Langneset 3G, Mo",66.303801,14.127525
325449,"Kongsveien 43A, Mo",66.308678,14.144664
325450,"Mobekkgata 30B, Mo",66.308713,14.144574
325451,"Mobekkgata 30A, Mo",66.308741,14.14464
325461,"Mobekkgata 34, Mo",66.30905,14.145365
325462,"Kongsveien 47, Mo",66.308997,14.145501
325463,"Kongsveien 43B, Mo",66.308696,14.144708
325466,"Fageråsen terrasse 20, Mo",66.302392,14.133929
325467,"Fageråsen terrasse 46, Mo",66.302161,14.134383
325468,"Fageråsen terrasse 44, Mo",66.302178,14.134137
325469,"Fageråsen terrasse 42, Mo",66.302206,14.133895
325470,"Fageråsen terrasse 18, Mo",66.302384,14.134152
325509,"Nordlandsveien 4A, Mo",66.311032,14.143647
325510,"Nordlandsveien 4B, Mo",66.311041,14.143714
325511,"Nordlandsveien 4C, Mo",66.31106,14.143802
325512,"Nordlandsveien 3, Mo",66.311378,14.143031
325517,"Nordlandsveien 8A, Mo",66.311143,14.14429
325518,"Nordlandsveien 8B, Mo",66.311152,14.144335
325519,"Nordlandsveien 8C, Mo",66.311171,14.144423
325520,"Nordlandsveien 7, Mo",66.311448,14.144168
325521,"Nordlandsveien 6A, Mo",66.311088,14.143958
325522,"Nordlandsveien 6B, Mo",66.311106,14.144046
325523,"Nordlandsveien 6C, Mo",66.311124,14.144135
325524,"Nordlandsveien 5, Mo",66.311319,14.14344
325525,"Nordlandsveien 18A, Mo",66.311444,14.146756
325526,"Nordlandsveien 18B, Mo",66.311428,14.14677
325527,"Nordlandsveien 16A, Mo",66.311605,14.146728
325529,"Nordlandsveien 16B, Mo",66.311577,14.146573
325531,"Nordlandsveien 10A, Mo",66.311189,14.144534
325532,"Nordlandsveien 10B, Mo",66.311199,14.144601
325533,"Nordlandsveien 10C, Mo",66.311208,14.144667
325534,"Nordlandsveien 28, Mo",66.311946,14.148368
325535,"Nordlandsveien 26, Mo",66.31189,14.148013
325536,"Nordlandsveien 25, Mo",66.312303,14.148066
325537,"Nordlandsveien 24, Mo",66.311816,14.147502
325538,"Nordlandsveien 22, Mo",66.311706,14.147104
325539,"Nordlandsveien 20A, Mo",66.311407,14.147139
325540,"Nordlandsveien 20B, Mo",66.311383,14.14716
325542,"Nordlandsveien 38, Mo",66.31255,14.150578
325543,"Nordlandsveien 37, Mo",66.312937,14.150654
325544,"Nordlandsveien 36, Mo",66.312404,14.150025
325545,"Nordlandsveien 35, Mo",66.312836,14.150256
325546,"Nordlandsveien 34, Mo",66.312311,14.149515
325547,"Nordlandsveien 33, Mo",66.312699,14.14977
325614,"Kaigata 22, Mo",66.311633,14.130733
325615,"Moholmen 16, Mo",66.312272,14.131023
325616,"Kaigata 18, Mo",66.311945,14.130232
325621,"Langneshøgda 5A, Mo",66.301785,14.114419
325622,"Langneshøgda 5B, Mo",66.301852,14.114436
325625,"Nordlandsveien 39A, Mo",66.313109,14.151028
325626,"Nordlandsveien 39B, Mo",66.313189,14.150802
325632,"Kaigata 30, Mo",66.311585,14.13011
325633,"Kaigata 32, Mo",66.311665,14.130041
325634,"Kaigata 34, Mo",66.311646,14.129863
325663,"Midtre gate 5, Mo",66.313141,14.129209
325686,"Moholmen 13, Mo",66.312794,14.129734
325698,"Granveien 8A, Mo",66.3076,14.144281
325699,"Granveien 8B, Mo",66.30761,14.144589
325821,"Midtre gate 4A, Mo",66.313913,14.127705
325822,"Midtre gate 4B, Mo",66.314241,14.127442
325823,"Midtre gate 4C, Mo",66.314464,14.12701
325824,"Midtre gate 4D, Mo",66.31458,14.127379
325825,"Midtre gate 17B, Mo",66.316028,14.127279
325826,"Midtre gate 17A, Mo",66.31598,14.126768
325827,"Midtre gate 17C, Mo",66.316244,14.127339
325828,"Midtre gate 23, Mo",66.316372,14.126286
325853,"Terminalveien 1, Mo",66.306267,14.130789
326011,"Redvald Knudtsons vei 21N, Mo",66.301606,14.134293
326012,"Redvald Knudtsons vei 21O, Mo",66.301614,14.134348
326013,"Redvald Knudtsons vei 21P, Mo",66.30162,14.134468
326016,"Redvald Knudtsons vei 21F, Mo",66.30156,14.134292
326017,"Redvald Knudtsons vei 21G, Mo",66.301569,14.134403
326018,"Redvald Knudtsons vei 21H, Mo",66.301579,14.134514
326019,"Redvald Knudtsons vei 21I, Mo",66.30157,14.133714
326020,"Redvald Knudtsons vei 21J, Mo",66.301581,14.133836
326021,"Redvald Knudtsons vei 21K, Mo",66.301587,14.133957
326022,"Redvald Knudtsons vei 21L, Mo",66.301595,14.134072
326023,"Redvald Knudtsons vei 21M, Mo",66.301599,14.134159
326024,"Redvald Knudtsons vei 21B, Mo",66.30153,14.133847
326025,"Redvald Knudtsons vei 21C, Mo",66.30154,14.133958
326026,"Redvald Knudtsons vei 21D, Mo",66.301541,14.13407
326027,"Redvald Knudtsons vei 21E, Mo",66.30155,14.134181
326049,"Redvald Knudtsons vei 21A, Mo",66.301521,14.133736
326151,"Mobekkbrua 2, Mo",66.306895,14.130451
326282,"Midtre gate 13, Mo",66.314999,14.124638
326294,"Redvald Knudtsons vei 9B, Mo",66.302037,14.130786
326295,"Redvald Knudtsons vei 9C, Mo",66.301907,14.13071
326296,"Redvald Knudtsons vei 9D, Mo",66.302024,14.13057
326297,"Redvald Knudtsons vei 15, Mo",66.302103,14.132021
326302,"Redvald Knudtsons vei 20Q, Mo",66.301511,14.131859
326303,"Redvald Knudtsons vei 20R, Mo",66.301511,14.131882
326304,"Redvald Knudtsons vei 20S, Mo",66.301513,14.131876
326305,"Redvald Knudtsons vei 20T, Mo",66.301506,14.131883
326306,"Redvald Knudtsons vei 20U, Mo",66.301516,14.131876
326309,"Redvald Knudtsons vei 9A, Mo",66.301921,14.13083
326322,"Redvald Knudtsons vei 20I, Mo",66.301505,14.131865
326323,"Redvald Knudtsons vei 20J, Mo",66.301511,14.131871
326324,"Redvald Knudtsons vei 20K, Mo",66.301513,14.131868
326325,"Redvald Knudtsons vei 20L, Mo",66.301508,14.131865
326326,"Redvald Knudtsons vei 20M, Mo",66.30151,14.131866
326327,"Redvald Knudtsons vei 20N, Mo",66.301516,14.131876
326328,"Redvald Knudtsons vei 20O, Mo",66.301513,14.131876
326329,"Redvald Knudtsons vei 20P, Mo",66.301513,14.131865
326330,"Redvald Knudtsons vei 20A, Mo",66.301489,14.131871
326332,"Redvald Knudtsons vei 20B, Mo",66.301494,14.131871
326333,"Redvald Knudtsons vei 20C, Mo",66.301494,14.131871
326334,"Redvald Knudtsons vei 20D, Mo",66.301497,14.131871
326335,"Redvald Knudtsons vei 20E, Mo",66.301496,14.131865
326336,"Redvald Knudtsons vei 20F, Mo",66.301501,14.131865
326337,"Redvald Knudtsons vei 20G, Mo",66.301499,14.131871
326338,"Redvald Knudtsons vei 20H, Mo",66.301504,14.131859
326393,"Mobekkgata 33A, Mo",66.308972,14.144275
326394,"Mobekkgata 33B, Mo",66.308945,14.144276
326395,"Mobekkgata 33C, Mo",66.309008,14.144229
326396,"Mobekkgata 33D, Mo",66.308945,14.144276
326397,"Mobekkgata 33E, Mo",66.309008,14.144229
326403,"Nedre Idrettsvei 17A, Mo",66.312092,14.148809
326406,"Nedre Idrettsvei 17B, Mo",66.312092,14.148809
326432,"Skytterveien 4B, Mo",66.309838,14.148439
326433,"Skytterveien 4A, Mo",66.309882,14.148237
326444,"Midtre gate 4, Mo",66.314482,14.128292
541539,"Søndre gate 7, Mo",66.309005,14.131101
541719,"Søndre gate 9, Mo",66.309045,14.131737
805957,"Symrebakken 3B, Mo",66.300836,14.11711
1373624,"Redvald Knudtsons vei 13B, Mo",66.302091,14.131576
1373625,"Redvald Knudtsons vei 13C, Mo",66.302175,14.131325
1373626,"Redvald Knudtsons vei 11D, Mo",66.302237,14.130868
1373627,"Redvald Knudtsons vei 13A, Mo",66.302115,14.131285
1373630,"Redvald Knudtsons vei 13D, Mo",66.302177,14.131635
1373639,"Redvald Knudtsons vei 11B, Mo",66.302153,14.130929
1373640,"Redvald Knudtsons vei 11C, Mo",66.30218,14.130571
1373641,"Redvald Knudtsons vei 11A, Mo",66.302128,14.130609
1708228,"Midtre gate 3, Mo",66.313171,14.129676
1722635,"Petter Dass gate 3, Mo",66.308434,14.13878
1722637,"Petter Dass gate 1, Mo",66.308319,14.138567
1760471,"Terminalveien 5, Mo",66.305992,14.132061
1787779,"Marcus Thranes gate 26, Mo",66.304727,14.140037
1809687,"Hans Wølners gate 6B, Mo",66.308307,14.14157
1853079,"Redvald Knudtsons vei 17B, Mo",66.301899,14.133177
1853081,"Redvald Knudtsons vei 17A, Mo",66.301904,14.133156
1912724,"Sørlandsveien 145, Mo",66.300515,14.112075
1917160,"Terminalveien 14, Mo",66.305885,14.12549
1917162,"Terminalveien 22, Mo",66.305126,14.115927
1917163,"Terminalveien 24, Mo",66.305835,14.114943
1917169,"Terminalveien 21, Mo",66.305295,14.123593
1938651,"Fageråsen terrasse 27, Mo",66.301942,14.135193
1938652,"Fageråsen terrasse 23, Mo",66.302117,14.136034
1969240,"Midtre gate 7A, Mo",66.313367,14.126372
1970822,"Fageråsen terrasse 30, Mo",66.302361,14.132394
1970938,"Fageråsen terrasse 32, Mo",66.302297,14.132612
1994195,"Søndre gate 17, Mo",66.309386,14.131679
1994240,"Søndre gate 15, Mo",66.309463,14.130686
2039115,"Søndre gate 3A, Mo",66.307648,14.130875
2104144,"Skolegata 14F, Mo",66.31118,14.146654
2104145,"Skolegata 14D, Mo",66.311095,14.146641
2104147,"Skolegata 14E, Mo",66.311136,14.146644
2104266,"Skolegata 14C, Mo",66.311059,14.146635
2104267,"Skolegata 14B, Mo",66.31103,14.14663
2167344,"Mobekkgata 29A, Mo",66.308535,14.143324
2167345,"Mobekkgata 29B, Mo",66.30859,14.143329
2184720,"Sørlandsveien 143, Mo",66.300419,14.112743
2190081,"Midtre gate 9, Mo",66.313966,14.125923
2393021,"Terminalveien 10, Mo",66.305381,14.128315
2476265,"Kongsveien 44, Mo",66.308251,14.145328
2476267,"Kongsveien 46, Mo",66.308501,14.145843
2477063,"Søndre gate 3C, Mo",66.307953,14.129393
2477064,"Søndre gate 3D, Mo",66.308065,14.129607
2485945,"Skolegata 11A, Mo",66.310531,14.146
2485946,"Skolegata 13A, Mo",66.310907,14.145742
